image: finalCloud.pgm
resolution: 0.050000
origin: [-4.116102, -4.799231, 0.000000]
negate: 0
occupied_thresh: 0.65
free_thresh: 0.196

