image: GlobalMap.pgm
resolution: 0.050000
origin: [-4.434807, -10.654836, 0.000000]
negate: 0
occupied_thresh: 0.65
free_thresh: 0.196

