image: GlobalMap.pgm
resolution: 0.050000
origin: [-2.612068, -8.053673, 0.000000]
negate: 0
occupied_thresh: 0.65
free_thresh: 0.196

