image: GlobalMap.pgm
resolution: 0.050000
origin: [-4.200371, -4.607823, 0.000000]
negate: 0
occupied_thresh: 0.65
free_thresh: 0.196

